% -------------------------------------------------------------------
%  Generated by MATLAB on 6-Oct-2016 09:06:17
%  MATLAB version: 8.5.0.197613 (R2015a)
% -------------------------------------------------------------------
                                 

Linear_Pe_test = 0.08851063829787234;

Linear_Pe_train = 0.073588342440801452;

Quadratic_Pe_test = 0.10553191489361702;

Quadratic_Pe_train = 0.049908925318761385;

