% -------------------------------------------------------------------
%  Generated by MATLAB on 20-Oct-2016 08:59:20
%  MATLAB version: 8.5.0.197613 (R2015a)
% -------------------------------------------------------------------
% Each column is a class                                        
% Seed 2

M_Means = ...
  [0.99631702257037136 -0.013479105534217606 -0.084680010926471622;
   0 0 0;
   -0.99631702257037136 0.013479105534217606 0.084680010926471622];

