% -------------------------------------------------------------------
%  Generated by MATLAB on 20-Oct-2016 09:04:41
%  MATLAB version: 8.5.0.197613 (R2015a)
% -------------------------------------------------------------------
% rank(Sb) = 2

Sb = ...
  [977.41754652479381 -62.819348223748861 -101.19998239797519;
   -62.819348223748875 10.541597334710358 3.7785516062994216;
   -101.19998239797519 3.7785516062994216 11.620272774374277];

