% -------------------------------------------------------------------
%  Generated by MATLAB on 6-Oct-2016 09:33:32
%  MATLAB version: 8.5.0.197613 (R2015a)
% -------------------------------------------------------------------
                                 

Quadratic_Pe_test = 0.27148936170212767;

Quadratic_Pe_train = 0.2783242258652095;

Linear_Pe_train = 0.28998178506375227;

Linear_Pe_test = 0.28085106382978725;

CM_Quadratic_test = ...
  [89 79 0 11 2;
   40 210 0 13 4;
   0 0 188 0 9;
   3 13 9 221 57;
   0 2 11 66 148];

CM_Linear_test = ...
  [91 75 0 14 1;
   43 207 0 13 4;
   0 0 185 0 12;
   3 12 7 232 49;
   0 2 10 85 130];

