% -------------------------------------------------------------------
%  Generated by MATLAB on 6-Oct-2016 09:32:02
%  MATLAB version: 8.5.0.197613 (R2015a)
% -------------------------------------------------------------------
                                 

Quadratic_Pe_test = 0.26638297872340427;

Quadratic_Pe_train = 0.253551912568306;

Linear_Pe_train = 0.26156648451730419;

Linear_Pe_test = 0.26978723404255317;

CM_Quadratic_test = ...
  [124 46 0 8 3;
   44 150 3 49 21;
   0 2 161 13 21;
   2 32 8 229 32;
   1 16 9 3 198];

CM_Linear_test = ...
  [129 41 0 8 3;
   48 146 2 51 20;
   0 2 160 12 23;
   1 36 8 226 32;
   1 18 9 2 197];

