Ec =

    0.0543


A =

    0.9457


P =

    0.9377


S =

    0.9220


Es =

    0.9608


Fscore =

    0.9298