100000 epochs

error NN train = 0.0190581   

CM_Train =

        2858          58          11           1
          40         747           0           0
          24           0        1687           4
           0           0           0        1811

 error NN val = 0.0207211   

CM_Val =

   945    22     8     1
    13   250     0     0
     6     0   565     0
     0     0     0   603

 error NN test = 0.0178201   

CM_Test =

   951    20     4     1
    10   253     0     0
     7     0   563     1
     0     0     0   603